lastAccountName: ballona13
timestamps:
  login: 1612887762095
  logout: 1612887814147
ipAddress: 190.233.231.89
lastlocation:
  world: world
  x: 16.49790374890457
  y: 65.0
  z: 15.291605028857553
  yaw: -0.11795002
  pitch: 4.0496697
logoutlocation:
  world: world
  x: 13.382735679407649
  y: 64.0
  z: 8.938923142130685
  yaw: -18.387932
  pitch: 14.676625
