lastAccountName: Sebastian
timestamps:
  login: 1610415412500
  logout: 1610415435269
ipAddress: 186.82.86.199
lastlocation:
  world: world
  x: 16.49790374890457
  y: 65.0
  z: 15.291605028857553
  yaw: -0.11795002
  pitch: 4.0496697
logoutlocation:
  world: world
  x: 16.5
  y: 64.0
  z: 15.5
  yaw: -37.199986
  pitch: -83.100006
