lastAccountName: ripe324_yt
timestamps:
  login: 1613090043727
  logout: 1613091268190
  lastteleport: 1613091094972
ipAddress: 190.26.40.92
lastlocation:
  world: world
  x: 14.65197231293123
  y: 64.0
  z: 20.09066288016198
  yaw: -216.30188
  pitch: -9.9385395
logoutlocation:
  world: world
  x: 16.714052279138016
  y: 63.5
  z: 15.354244275842905
  yaw: -84.51514
  pitch: 78.64899
