lastAccountName: Anggeloo
timestamps:
  login: 1610373460535
  logout: 1610373518232
ipAddress: 181.54.51.134
lastlocation:
  world: world
  x: 16.49790374890457
  y: 65.0
  z: 15.291605028857553
  yaw: -0.11795002
  pitch: 4.0496697
logoutlocation:
  world: world
  x: 12.768009806845635
  y: 64.0
  z: 22.69999998807907
  yaw: 18.60001
  pitch: 10.500001
