lastAccountName: Luzu252
timestamps:
  login: 1612806098147
  logout: 1612806539012
ipAddress: 189.203.132.52
lastlocation:
  world: world
  x: 16.49790374890457
  y: 65.0
  z: 15.291605028857553
  yaw: -0.11795002
  pitch: 4.0496697
logoutlocation:
  world: KutoLand
  x: 367.00048020836755
  y: 86.0
  z: 123.05620852714459
  yaw: -27.805048
  pitch: 23.483234
