lastAccountName: alfonso0902
timestamps:
  login: 1612399586793
  logout: 1612399709485
ipAddress: 201.152.62.227
lastlocation:
  world: world
  x: 16.49790374890457
  y: 65.0
  z: 15.291605028857553
  yaw: -0.11795002
  pitch: 4.0496697
logoutlocation:
  world: world
  x: 16.8806964475785
  y: 64.0
  z: 16.38715558837261
  yaw: -311.04694
  pitch: 7.4260798
