lastAccountName: Foshqdor_
timestamps:
  login: 1610664073723
  logout: 1610664879897
ipAddress: 191.116.51.231
lastlocation:
  world: world
  x: 16.49790374890457
  y: 65.0
  z: 15.291605028857553
  yaw: -0.11795002
  pitch: 4.0496697
logoutlocation:
  world: KutoLand
  x: 251.56112173937217
  y: 78.0
  z: 377.30000001192093
  yaw: -346.83432
  pitch: 50.99983
