lastAccountName: elvatopato
timestamps:
  login: 1612730386909
  logout: 1612731021400
  lastteleport: 1612730423463
ipAddress: 186.82.28.91
lastlocation:
  world: world
  x: 16.22684356840243
  y: 64.0
  z: 14.685220247979286
  yaw: 62.849873
  pitch: 12.45002
logoutlocation:
  world: KutoLand
  x: 429.95895380737954
  y: 11.0
  z: 194.92326875519254
  yaw: 71.74109
  pitch: 17.399809
