lastAccountName: DiosItachi1808
timestamps:
  login: 1613963066215
  lastteleport: 1613968731075
  logout: 1613969400750
ipAddress: 186.159.114.106
lastlocation:
  world: world
  x: 16.64745847988163
  y: 64.0
  z: 17.566478234310843
  yaw: -196.95003
  pitch: 20.850004
logoutlocation:
  world: KutoLand
  x: 23156.548694268826
  y: 74.0
  z: 25012.68725715285
  yaw: 268.9519
  pitch: 37.79998
