lastAccountName: five
timestamps:
  login: 1611087113721
  logout: 1611087144093
ipAddress: 201.110.177.120
lastlocation:
  world: world
  x: 16.49790374890457
  y: 65.0
  z: 15.291605028857553
  yaw: -0.11795002
  pitch: 4.0496697
logoutlocation:
  world: world
  x: 16.306963566715787
  y: 64.0
  z: 15.30306494322366
  yaw: -129.88953
  pitch: -1.5622307
