lastAccountName: dean99
timestamps:
  login: 1613777912631
  logout: 1613780290987
  lastteleport: 1613779654450
ipAddress: 187.151.18.24
lastlocation:
  world: KutoLand
  x: 258.8367433863236
  y: 72.0
  z: 409.0208429702738
  yaw: -303.2519
  pitch: 35.800594
logoutlocation:
  world: world
  x: 14.969153893597134
  y: 64.0
  z: 17.493529488920647
  yaw: -191.3999
  pitch: 8.249989
