lastAccountName: AlejoWsd
timestamps:
  login: 1613673628139
  logout: 1613674193321
ipAddress: 191.97.14.123
lastlocation:
  world: world
  x: 16.49790374890457
  y: 65.0
  z: 15.291605028857553
  yaw: -0.11795002
  pitch: 4.0496697
logoutlocation:
  world: world
  x: 16.0
  y: 64.0
  z: 15.0
  yaw: -0.42840597
  pitch: 1.2852176
