lastAccountName: Armando141
timestamps:
  login: 1611190495558
  lastteleport: 1611188622718
  logout: 1611190513278
ipAddress: 200.68.140.24
lastlocation:
  world: KutoLand
  x: 278.57283407753874
  y: 85.0
  z: 281.95139742318753
  yaw: -223.6571
  pitch: 24.900208
logoutlocation:
  world: world
  x: -8.039224777183652
  y: 63.0
  z: 4.362794387361252
  yaw: -171.44846
  pitch: 25.500063
