lastAccountName: crissherrera
timestamps:
  login: 1611010538128
  logout: 1611010658759
  lastteleport: 1610250274171
ipAddress: 190.61.57.154
lastlocation:
  world: KutoLand
  x: 275.30000001192093
  y: 66.0
  z: -35.66100866160808
  yaw: -249.44812
  pitch: 4.1999474
logoutlocation:
  world: KutoLand
  x: 275.05709669374113
  y: 67.0
  z: -35.95261727823955
  yaw: -168.44785
  pitch: 31.049955
