lastAccountName: Elpanda27
timestamps:
  login: 1613256253461
  logout: 1613256374062
  lastteleport: 1612823710520
ipAddress: 200.68.137.210
lastlocation:
  world: world
  x: -348.3700845427423
  y: 76.0
  z: -106.85110580494315
  yaw: 344.3187
  pitch: 8.511048
logoutlocation:
  world: world
  x: 19.479597908102797
  y: 64.0
  z: 19.719314295075826
  yaw: 264.05206
  pitch: 62.868797
