lastAccountName: Jonatan2701
timestamps:
  login: 1610314110685
  logout: 1610314360835
  lastteleport: 1610313982641
ipAddress: 201.114.64.82
lastlocation:
  world: KutoLand
  x: 223.19280175652491
  y: 78.0
  z: 397.7013731037901
  yaw: 309.22952
  pitch: 20.86345
logoutlocation:
  world: KutoLand
  x: 270.070329881195
  y: 67.0
  z: 353.43870241948315
  yaw: -61.845757
  pitch: 6.135718
