lastAccountName: kerry31
timestamps:
  login: 1612487891119
  logout: 1612488289817
ipAddress: 190.214.120.136
lastlocation:
  world: world
  x: 16.49790374890457
  y: 65.0
  z: 15.291605028857553
  yaw: -0.11795002
  pitch: 4.0496697
logoutlocation:
  world: KutoLand
  x: 301.0476362056417
  y: 72.0
  z: 406.4131619712055
  yaw: -106.001465
  pitch: 33.55059
