lastAccountName: leonel
timestamps:
  login: 1610464882323
  logout: 1610465002638
  lastteleport: 1610330458456
ipAddress: 189.241.92.57
lastlocation:
  world: KutoLand
  x: 282.09042772863364
  y: 74.0
  z: 396.81551856924926
  yaw: 2.7477162
  pitch: 16.60056
logoutlocation:
  world: world
  x: 16.95767757114444
  y: 64.0
  z: 15.085694960112553
  yaw: 172.95027
  pitch: 8.550062
