lastAccountName: Neftali
timestamps:
  login: 1612257284159
  logout: 1612257545837
  lastteleport: 1610651364779
ipAddress: 190.148.252.159
lastlocation:
  world: world
  x: 399.4677809553172
  y: 73.0
  z: 487.90356418058263
  yaw: -56.778046
  pitch: 16.872652
logoutlocation:
  world: KutoLand
  x: -3939.4098761553514
  y: 68.0
  z: 2344.794465841215
  yaw: 89.58757
  pitch: 24.894236
