lastAccountName: PedroTacos
timestamps:
  login: 1612840580534
  logout: 1612840594022
ipAddress: 179.8.69.195
lastlocation:
  world: world
  x: 16.49790374890457
  y: 65.0
  z: 15.291605028857553
  yaw: -0.11795002
  pitch: 4.0496697
logoutlocation:
  world: world
  x: 16.5
  y: 62.0
  z: 15.5
  yaw: 0.0
  pitch: 0.0
