lastAccountName: dilan251050
timestamps:
  login: 1613598947671
  logout: 1613599376922
  lastteleport: 1613599152729
ipAddress: 152.200.113.155
lastlocation:
  world: world
  x: 16.5
  y: 64.0
  z: 15.5
  yaw: 0.0
  pitch: 0.0
logoutlocation:
  world: KutoLand
  x: 419.23755924978417
  y: 55.0
  z: 329.30000001192093
  yaw: -170.95154
  pitch: 42.30005
