lastAccountName: andyjoel2020
timestamps:
  login: 1610249441999
  lastteleport: 1610250042985
  logout: 1610251876067
ipAddress: 181.199.32.123
lastlocation:
  world: KutoLand
  x: 393.980472927581
  y: 80.17675927506424
  z: 294.460064672745
  yaw: 312.69763
  pitch: 2.5934427
