lastAccountName: Lobito_vicioso
timestamps:
  login: 1610854684922
  logout: 1610855525243
ipAddress: 201.230.212.104
lastlocation:
  world: world
  x: 16.49790374890457
  y: 65.0
  z: 15.291605028857553
  yaw: -0.11795002
  pitch: 4.0496697
logoutlocation:
  world: KutoLand
  x: 200.32070464141458
  y: 72.0
  z: 347.2384299217244
  yaw: -223.95232
  pitch: 45.98128
