lastAccountName: JEIZON
timestamps:
  login: 1611168887134
  logout: 1611169044676
ipAddress: 181.188.216.98
lastlocation:
  world: world
  x: 16.49790374890457
  y: 65.0
  z: 15.291605028857553
  yaw: -0.11795002
  pitch: 4.0496697
logoutlocation:
  world: world
  x: 19.8244465520727
  y: 64.0
  z: 14.73872507573964
  yaw: -323.85077
  pitch: 64.050095
