lastAccountName: CRISMEN_
timestamps:
  login: 1613971413645
  lastteleport: 1613976881838
  logout: 1613976929081
ipAddress: 187.136.103.15
lastlocation:
  world: world
  x: 16.0
  y: 64.0
  z: 15.0
  yaw: 0.0
  pitch: 0.0
homes:
  home:
    world: world_the_end
    x: -694.6999999880791
    y: 51.0
    z: 1008.3000000119208
    yaw: -83.43378
    pitch: 30.22444
logoutlocation:
  world: world_the_end
  x: -694.3000000119209
  y: 51.0
  z: 1008.4418826777511
  yaw: -260.43402
  pitch: 48.749977
