lastAccountName: kutoconcon
timestamps:
  login: 1612022349356
  logout: 1612022361607
ipAddress: 186.81.76.69
lastlocation:
  world: world
  x: 16.49790374890457
  y: 65.0
  z: 15.291605028857553
  yaw: -0.11795002
  pitch: 4.0496697
logoutlocation:
  world: world
  x: 16.35383634005927
  y: 64.0
  z: 15.788482592277946
  yaw: -218.85013
  pitch: 16.65
