lastAccountName: Erick_zhv
timestamps:
  login: 1612386747535
  lastteleport: 1612387639377
  logout: 1612387965753
ipAddress: 45.71.3.238
lastlocation:
  world: world
  x: 16.60287601449774
  y: 64.0
  z: 13.516491707552836
  yaw: -252.44983
  pitch: 12.449972
logoutlocation:
  world: world
  x: 16.082317656398867
  y: 64.875
  z: 18.20269518349661
  yaw: -187.3503
  pitch: 24.749949
