lastAccountName: emerson
timestamps:
  login: 1611175630690
  lastteleport: 1611176659781
  logout: 1611179171614
ipAddress: 190.113.214.207
lastlocation:
  world: world
  x: 16.0
  y: 64.0
  z: 15.0
  yaw: 6.300001
  pitch: 35.250015
logoutlocation:
  world: KutoLand
  x: 411.6198046125339
  y: 13.796735600668693
  z: 510.4571058467481
  yaw: -320.95273
  pitch: 16.350092
