lastAccountName: OrochiZ
timestamps:
  login: 1612048967121
  logout: 1612050014258
ipAddress: 190.44.86.19
lastlocation:
  world: world
  x: 16.49790374890457
  y: 65.0
  z: 15.291605028857553
  yaw: -0.11795002
  pitch: 4.0496697
logoutlocation:
  world: world
  x: -45.18501399729351
  y: 90.0
  z: -307.97935535936523
  yaw: -206.40974
  pitch: 28.514345
