lastAccountName: JhiirG
timestamps:
  login: 1611127088983
  lastteleport: 1611130312391
  logout: 1611130541724
ipAddress: 187.189.163.217
lastlocation:
  world: world
  x: 18.331884793375174
  y: 64.1212968405392
  z: 14.788967293759697
  yaw: -202.49976
  pitch: 48.14992
logoutlocation:
  world: KutoLand
  x: -356.0059870754289
  y: 43.0
  z: 2534.3857932331125
  yaw: 214.25073
  pitch: 38.675194
