lastAccountName: mikecrack
timestamps:
  login: 1613836275037
  logout: 1613837243085
  lastteleport: 1613837204408
ipAddress: 186.81.76.69
lastlocation:
  world: Parkour
  x: -30.093979654439707
  y: 91.0
  z: -28.251738399362303
  yaw: -198.9707
  pitch: 16.500357
logoutlocation:
  world: KutoLand
  x: 296.49936304036856
  y: 72.0
  z: 403.2223089406206
  yaw: -110.20185
  pitch: 28.600601
