lastAccountName: gamesdiego
timestamps:
  login: 1612994773469
  logout: 1612995749825
ipAddress: 190.148.51.21
lastlocation:
  world: world
  x: 16.49790374890457
  y: 65.0
  z: 15.291605028857553
  yaw: -0.11795002
  pitch: 4.0496697
logoutlocation:
  world: world
  x: 38.14574970069447
  y: 64.0
  z: 18.70283258777196
  yaw: -62.3216
  pitch: -41.91355
