lastAccountName: FoTs_FARIDXD114
timestamps:
  login: 1613858038107
  lastteleport: 1611183888512
  logout: 1613858233393
ipAddress: 179.6.206.45
lastlocation:
  world: world
  x: 15.292878838646288
  y: 64.0
  z: 12.080502156331658
  yaw: 228.38629
  pitch: 17.23146
logoutlocation:
  world: KutoLand
  x: 2148.5124405130637
  y: 70.0
  z: -1860.2800848292152
  yaw: 332.1101
  pitch: 12.293723
