lastAccountName: shototorodoki
timestamps:
  login: 1613839554808
  lastteleport: 1613843492505
  logout: 1613843547040
ipAddress: 181.64.109.152
lastlocation:
  world: world_nether
  x: -154.44515827164406
  y: 86.275125
  z: 412.72160600721554
  yaw: 198.14929
  pitch: 12.900019
logoutlocation:
  world: KutoLand
  x: -914.5
  y: 84.0
  z: 3709.5
  yaw: 66.44995
  pitch: 34.049973
