lastAccountName: minitimi
timestamps:
  login: 1613846069830
  logout: 1613848701180
  lastteleport: 1613846119741
ipAddress: 186.81.76.69
lastlocation:
  world: KutoLand
  x: 388.5185899681858
  y: 68.0
  z: -641.0341612881592
  yaw: 109.62312
  pitch: 42.56157
logoutlocation:
  world: Parkour
  x: -1.7326150696485345
  y: 51.35307967146472
  z: -107.30137797882051
  yaw: -7.981964
  pitch: 25.992506
