lastAccountName: Yemerson_19
timestamps:
  login: 1612667230809
  logout: 1612667355952
ipAddress: 181.209.214.78
lastlocation:
  world: world
  x: 16.49790374890457
  y: 65.0
  z: 15.291605028857553
  yaw: -0.11795002
  pitch: 4.0496697
logoutlocation:
  world: KutoLand
  x: 272.5
  y: 75.0
  z: 402.5
  yaw: -271.7519
  pitch: 3.550591
