lastAccountName: AndrePlayGame028
timestamps:
  login: 1611112031728
  lastteleport: 1611112852560
  logout: 1611113035006
ipAddress: 179.7.137.38
lastlocation:
  world: world
  x: 15.337658115757074
  y: 64.0
  z: 14.933983281386643
  yaw: -237.89996
  pitch: 10.499998
homes:
  home:
    world: KutoLand
    x: 393.7569153732299
    y: 65.0
    z: -479.699999988079
    yaw: 336.0808
    pitch: 37.949955
logoutlocation:
  world: world_nether
  x: -11.331648603249121
  y: 29.875
  z: -153.24834519870896
  yaw: -170.31921
  pitch: 10.349982
