lastAccountName: NOOB777H
timestamps:
  login: 1613347843790
  lastteleport: 1613349338631
  logout: 1613349357127
ipAddress: 45.230.249.166
lastlocation:
  world: world
  x: 16.0
  y: 64.0
  z: 15.0
  yaw: -23.4
  pitch: 11.399999
logoutlocation:
  world: KutoLand
  x: -486.69999998807907
  y: 30.0
  z: 2700.6332809769356
  yaw: 54.366356
  pitch: 17.200844
