lastAccountName: martin2055
timestamps:
  login: 1613944786216
  logout: 1613944836681
  lastteleport: 1613944804284
ipAddress: 186.43.192.238
lastlocation:
  world: KutoLand
  x: 160.29305869775217
  y: 76.6037636546968
  z: -718.1451576013221
  yaw: 189.75034
  pitch: 24.900145
logoutlocation:
  world: KutoLand
  x: 138.54622155506794
  y: 66.5
  z: -763.8992088780928
  yaw: 194.85039
  pitch: 25.500185
homes:
  home:
    world: KutoLand
    x: 117.91152217895461
    y: 63.0
    z: -758.0685936713757
    yaw: 185.09988
    pitch: 15.75017
