lastAccountName: xXAlePonXx
timestamps:
  login: 1610729404092
  logout: 1610744395216
  lastteleport: 1610744095915
ipAddress: 189.252.186.155
lastlocation:
  world: KutoLand
  x: 1403.720478401061
  y: 68.0
  z: -130.4946661910955
  yaw: 269.0046
  pitch: 37.471046
logoutlocation:
  world: KutoLand
  x: 467.32305192557743
  y: 71.0
  z: -210.64892580799102
  yaw: -43.87805
  pitch: 28.364176
