lastAccountName: AzulTeco
timestamps:
  login: 1612839657725
  logout: 1612839678714
ipAddress: 189.129.86.200
lastlocation:
  world: world
  x: 16.49790374890457
  y: 65.0
  z: 15.291605028857553
  yaw: -0.11795002
  pitch: 4.0496697
logoutlocation:
  world: world
  x: 16.5
  y: 62.0
  z: 15.5
  yaw: 1.1999997
  pitch: 16.649998
