lastAccountName: 5H4K
timestamps:
  login: 1610638868399
  logout: 1610638988959
ipAddress: 181.115.163.31
lastlocation:
  world: world
  x: 16.49790374890457
  y: 65.0
  z: 15.291605028857553
  yaw: -0.11795002
  pitch: 4.0496697
logoutlocation:
  world: world
  x: 16.39594941549487
  y: 64.0
  z: 15.215829758759135
  yaw: -4.8941674
  pitch: 15.981185
