lastAccountName: JoRyO
timestamps:
  login: 1610813434459
  logout: 1610813502780
ipAddress: 191.100.65.156
lastlocation:
  world: world
  x: 16.49790374890457
  y: 65.0
  z: 15.291605028857553
  yaw: -0.11795002
  pitch: 4.0496697
logoutlocation:
  world: world
  x: 16.007314550015863
  y: 64.0
  z: 15.637869070957494
  yaw: 154.05048
  pitch: 35.099926
