lastAccountName: DILAN251050
timestamps:
  login: 1613276372160
  logout: 1613276492597
ipAddress: 152.200.51.81
lastlocation:
  world: world
  x: 16.49790374890457
  y: 65.0
  z: 15.291605028857553
  yaw: -0.11795002
  pitch: 4.0496697
logoutlocation:
  world: world
  x: 16.66015634306709
  y: 63.008000174870865
  z: 15.699999988079071
  yaw: 8.700059
  pitch: 58.949997
