lastAccountName: whitestar1502
timestamps:
  login: 1612310981067
  logout: 1612310989464
ipAddress: 191.97.14.123
lastlocation:
  world: world
  x: 16.49790374890457
  y: 65.0
  z: 15.291605028857553
  yaw: -0.11795002
  pitch: 4.0496697
logoutlocation:
  world: KutoLand
  x: 247.51949463200253
  y: 75.0
  z: 434.64389653229904
  yaw: -154.27553
  pitch: 37.400795
