lastAccountName: stuart_pot_2D
timestamps:
  login: 1613257105741
  lastteleport: 1613256799041
  logout: 1613257265126
ipAddress: 190.26.40.92
lastlocation:
  world: world
  x: 16.0
  y: 64.0
  z: 15.0
  yaw: 0.0
  pitch: 0.0
homes:
  home:
    world: KutoLand
    x: 1024.7233012107572
    y: 68.0625
    z: -693.7116356985665
    yaw: -350.9198
    pitch: 15.305817
logoutlocation:
  world: KutoLand
  x: 1077.2454437895572
  y: 67.0
  z: -701.3343405012397
  yaw: -40.891785
  pitch: 19.61116
