lastAccountName: Henry
timestamps:
  login: 1610328867991
  logout: 1610328868053
ipAddress: 45.188.229.36
logoutlocation:
  world: world
  x: 16.70223189618512
  y: 64.16363809245749
  z: 15.162109866308965
  yaw: -0.11795002
  pitch: 4.0496697
