lastAccountName: emerson_22
timestamps:
  login: 1612563029206
  logout: 1612563332104
ipAddress: 201.113.41.165
lastlocation:
  world: world
  x: 16.49790374890457
  y: 65.0
  z: 15.291605028857553
  yaw: -0.11795002
  pitch: 4.0496697
logoutlocation:
  world: KutoLand
  x: 256.8391111408075
  y: 71.0
  z: 456.30000001192093
  yaw: -146.8003
  pitch: 26.950577
