lastAccountName: Juan123
timestamps:
  login: 1613999490311
  lastteleport: 1614000516354
  logout: 1613999242906
ipAddress: 181.51.34.228
lastlocation:
  world: KutoLand
  x: 111.45926977777266
  y: 77.0
  z: -760.0625013490037
  yaw: -244.79822
  pitch: 14.399902
logoutlocation:
  world: KutoLand
  x: 113.1140010144048
  y: 63.0
  z: -736.6279229052471
  yaw: -157.651
  pitch: -15.149981
homes:
  home:
    world: KutoLand
    x: 118.69999998807907
    y: 64.0
    z: -754.4122459391439
    yaw: -256.94946
    pitch: 33.000088
