lastAccountName: mikecrakc
timestamps:
  login: 1612213630483
  logout: 1612213650793
ipAddress: 186.81.76.69
lastlocation:
  world: world
  x: 16.49790374890457
  y: 65.0
  z: 15.291605028857553
  yaw: -0.11795002
  pitch: 4.0496697
logoutlocation:
  world: world
  x: 16.5
  y: 62.0
  z: 15.5
  yaw: -56.550014
  pitch: 55.950024
