lastAccountName: Pedroskip12
timestamps:
  login: 1613262362150
  logout: 1613262865355
  lastteleport: 1612460482213
ipAddress: 187.136.101.66
lastlocation:
  world: world
  x: 17.74578944963664
  y: 64.0
  z: 16.546628774383436
  yaw: -54.750076
  pitch: 13.649988
logoutlocation:
  world: KutoLand
  x: 23462.555076229488
  y: 64.0
  z: 25078.30000001192
  yaw: -350.81256
  pitch: 22.050177
