lastAccountName: tommylang12
timestamps:
  login: 1613920277619
  logout: 1613922188039
  lastteleport: 1613865670579
ipAddress: 181.196.89.10
lastlocation:
  world: world
  x: 17.5
  y: 64.0
  z: 14.5
  yaw: -143.00293
  pitch: 50.766594
logoutlocation:
  world: KutoLand
  x: 570.1617617790738
  y: 193.0
  z: 215.68608016832783
  yaw: 250.37044
  pitch: 38.934814
homes:
  home:
    world: KutoLand
    x: 404.67625245075646
    y: 92.0
    z: 305.2299768824096
    yaw: -99.80151
    pitch: 26.878134
