lastAccountName: Haidenmc
timestamps:
  login: 1611006410140
  logout: 1611006509666
ipAddress: 186.84.88.143
lastlocation:
  world: world
  x: 16.49790374890457
  y: 65.0
  z: 15.291605028857553
  yaw: -0.11795002
  pitch: 4.0496697
logoutlocation:
  world: KutoLand
  x: 359.69999998807907
  y: 84.0
  z: 319.30000001192093
  yaw: -94.75372
  pitch: 13.133051
