lastAccountName: GoodsJames
timestamps:
  login: 1610999939845
  logout: 1610999971980
ipAddress: 191.116.38.233
lastlocation:
  world: world
  x: 16.49790374890457
  y: 65.0
  z: 15.291605028857553
  yaw: -0.11795002
  pitch: 4.0496697
logoutlocation:
  world: KutoLand
  x: 270.5
  y: 75.5
  z: 404.5
  yaw: -278.60886
  pitch: 1.2650071
