lastAccountName: ELPOllito
timestamps:
  login: 1613051010857
  lastteleport: 1613051915979
  logout: 1613052362275
ipAddress: 45.70.237.174
lastlocation:
  world: KutoLand
  x: 415.5893728027808
  y: 53.0
  z: 320.87105217658217
  yaw: 175.64227
  pitch: 45.68444
logoutlocation:
  world: KutoLand
  x: 435.8782897914597
  y: 5.0
  z: 283.26268935679525
  yaw: 90.20568
  pitch: 22.462315
