lastAccountName: Fergonz2509
timestamps:
  login: 1610742463554
  lastteleport: 1610742600984
  logout: 1610743695161
ipAddress: 69.255.198.92
lastlocation:
  world: world
  x: 16.584601705319308
  y: 64.0
  z: 14.950722865636571
  yaw: 56.549694
  pitch: 11.399978
logoutlocation:
  world: KutoLand
  x: -95.57699237755385
  y: 101.0
  z: 119.56266500484165
  yaw: -237.58484
  pitch: 22.350039
