lastAccountName: Gaitoso
timestamps:
  login: 1611000188271
  lastteleport: 1610827468334
  logout: 1611004157593
ipAddress: 201.141.229.136
lastlocation:
  world: KutoLand
  x: 8563.452768733918
  y: 68.0
  z: 479.445168606881
  yaw: -298.53937
  pitch: 59.967762
logoutlocation:
  world: KutoLand
  x: 197.89467276718736
  y: 70.0
  z: 179.1856926853245
  yaw: -206.02899
  pitch: 23.126205
