lastAccountName: armando
timestamps:
  login: 1610777097340
  logout: 1610777290950
  lastteleport: 1610768907039
ipAddress: 200.68.140.78
lastlocation:
  world: world
  x: 14.058743162891227
  y: 65.00133597911214
  z: 14.927501823719322
  yaw: -20.549835
  pitch: 26.24995
logoutlocation:
  world: world
  x: 18.8491597615295
  y: 64.0
  z: 20.331681976529104
  yaw: 139.50005
  pitch: 2.0999923
