lastAccountName: elyuwinseacabo
timestamps:
  login: 1613076628827
  logout: 1613076950914
ipAddress: 179.7.48.14
lastlocation:
  world: world
  x: 16.49790374890457
  y: 65.0
  z: 15.291605028857553
  yaw: -0.11795002
  pitch: 4.0496697
logoutlocation:
  world: KutoLand
  x: -1537.228628679079
  y: 66.0
  z: 2223.229827586552
  yaw: 351.91867
  pitch: 13.350012
