lastAccountName: Exodo54D
timestamps:
  login: 1613596642457
  logout: 1613596699910
ipAddress: 186.81.79.118
lastlocation:
  world: world
  x: 16.49790374890457
  y: 65.0
  z: 15.291605028857553
  yaw: -0.11795002
  pitch: 4.0496697
logoutlocation:
  world: world
  x: 19.742543203160224
  y: 64.0
  z: 21.273184879966927
  yaw: 237.09572
  pitch: 9.979191
