lastAccountName: nicolas
timestamps:
  login: 1610999044056
  lastteleport: 1610981455407
  logout: 1610999333917
ipAddress: 186.10.129.9
lastlocation:
  world: world
  x: 16.5
  y: 64.0
  z: 15.5
  yaw: 24.457432
  pitch: 2.2786424
logoutlocation:
  world: KutoLand
  x: 421.23228031509257
  y: 63.5
  z: 376.07835949569045
  yaw: 301.22443
  pitch: 33.641655
