lastAccountName: henao
timestamps:
  login: 1610651042662
  logout: 1610657391449
  lastteleport: 1610653806017
ipAddress: 189.248.129.53
lastlocation:
  world: KutoLand
  x: 213.60866889972505
  y: 72.0
  z: 354.20616574700244
  yaw: -238.30109
  pitch: 1.1506137
logoutlocation:
  world: KutoLand
  x: 281.16562386608473
  y: 71.5625
  z: -1098.251747613782
  yaw: -195.73145
  pitch: -53.40039
