lastAccountName: sebas123xd
timestamps:
  login: 1610468168862
  logout: 1610469129417
ipAddress: 186.82.86.199
lastlocation:
  world: KutoLand
  x: 243.41586206715522
  y: 76.0
  z: 444.5854089809768
  yaw: -206.20251
  pitch: 72.599976
logoutlocation:
  world: KutoLand
  x: 885.8619353976567
  y: 68.0
  z: -1009.0912885663082
  yaw: -146.85129
  pitch: 7.6501207
