lastAccountName: Skitzo11ElFlakk
timestamps:
  login: 1613995333659
  lastteleport: 1613997338154
  logout: 1613998076727
ipAddress: 181.115.135.118
lastlocation:
  world: world_nether
  x: 2979.3626783531167
  y: 18.0
  z: 3294.664922467356
  yaw: -214.81445
  pitch: 0.7791637
logoutlocation:
  world: KutoLand
  x: 22858.30369489312
  y: 79.0
  z: 25015.718580909037
  yaw: 8.095748
  pitch: 20.39985
