lastAccountName: kutoplaygames
timestamps:
  login: 1613604297347
  lastteleport: 1610665939027
  logout: 1613604334947
ipAddress: 45.70.237.174
lastlocation:
  world: world
  x: 16.999225066602087
  y: 64.0
  z: 21.278052597164923
  yaw: 264.45004
  pitch: -4.050001
logoutlocation:
  world: KutoLand
  x: -194.6788617563649
  y: 64.0
  z: 502.3026231494308
  yaw: 36.924816
  pitch: 21.964453
