lastAccountName: joselevi
timestamps:
  login: 1610674326455
  lastteleport: 1610674567423
  logout: 1610674871664
ipAddress: 190.104.119.118
lastlocation:
  world: world
  x: 9.270059291585664
  y: 63.0
  z: 3.82622719153981
  yaw: 125.29108
  pitch: 14.976502
logoutlocation:
  world: world
  x: 16.0
  y: 64.0
  z: 15.0
  yaw: 0.0
  pitch: 0.0
