lastAccountName: trolardys
timestamps:
  login: 1613781548552
  lastteleport: 1613783217589
  logout: 1613783277744
ipAddress: 179.6.137.147
lastlocation:
  world: KutoLand
  x: 627.5124999880791
  y: 29.0
  z: 326.30000001192093
  yaw: 42.20002
  pitch: 52.35047
logoutlocation:
  world: world
  x: 17.13328347253321
  y: 64.0
  z: 18.305893426027385
  yaw: 170.3996
  pitch: 39.750023
