lastAccountName: GrouckS
timestamps:
  login: 1610313954219
  logout: 1610313961975
ipAddress: 190.238.255.81
lastlocation:
  world: world
  x: 16.49790374890457
  y: 65.0
  z: 15.291605028857553
  yaw: -0.11795002
  pitch: 4.0496697
logoutlocation:
  world: world
  x: 16.397300534745785
  y: 64.0
  z: 15.5
  yaw: -35.280144
  pitch: 9.621895
