lastAccountName: Mitca22
timestamps:
  login: 1610250663527
  lastteleport: 1610251701568
  logout: 1610251807504
ipAddress: 190.233.206.237
lastlocation:
  world: world
  x: 12.565002215125881
  y: 64.0
  z: 11.263381201421794
  yaw: -38.69998
  pitch: 12.149999
logoutlocation:
  world: world
  x: 13.53332263996728
  y: 64.0
  z: 8.729936267292278
  yaw: -188.40002
  pitch: 25.349966
