lastAccountName: zkynexs
timestamps:
  login: 1610669402299
  logout: 1610670211848
ipAddress: 190.104.119.118
lastlocation:
  world: world
  x: 16.49790374890457
  y: 65.0
  z: 15.291605028857553
  yaw: -0.11795002
  pitch: 4.0496697
logoutlocation:
  world: KutoLand
  x: 227.7349683047823
  y: 77.0
  z: 211.01289763481884
  yaw: 309.31543
  pitch: 35.894535
