lastAccountName: MELACHUPAN
timestamps:
  login: 1613936938206
  logout: 1613936963295
ipAddress: 181.112.9.142
lastlocation:
  world: world
  x: 16.49790374890457
  y: 65.0
  z: 15.291605028857553
  yaw: -0.11795002
  pitch: 4.0496697
logoutlocation:
  world: world
  x: 16.5
  y: 64.0
  z: 15.5
  yaw: 0.0
  pitch: 0.0
