lastAccountName: 0DanyMS0
timestamps:
  login: 1610671654377
  logout: 1610672071090
ipAddress: 189.174.116.159
lastlocation:
  world: world
  x: 16.49790374890457
  y: 65.0
  z: 15.291605028857553
  yaw: -0.11795002
  pitch: 4.0496697
logoutlocation:
  world: world
  x: -0.7520550704759755
  y: 63.09375
  z: 13.67268328733197
  yaw: 270.92267
  pitch: 18.460093
