lastAccountName: lulu10
timestamps:
  login: 1610813491581
  logout: 1610813495934
ipAddress: 187.190.156.90
lastlocation:
  world: world
  x: 16.49790374890457
  y: 65.0
  z: 15.291605028857553
  yaw: -0.11795002
  pitch: 4.0496697
logoutlocation:
  world: world
  x: 16.766049832835566
  y: 64.0
  z: 15.428467964515894
  yaw: 2.49243
  pitch: 8.567726
