lastAccountName: Armadox11
timestamps:
  login: 1612494102212
  logout: 1612494127205
ipAddress: 200.68.141.1
lastlocation:
  world: world
  x: 16.49790374890457
  y: 65.0
  z: 15.291605028857553
  yaw: -0.11795002
  pitch: 4.0496697
logoutlocation:
  world: world
  x: 16.5
  y: 63.74447262959692
  z: 15.5
  yaw: 0.0
  pitch: 0.0
