lastAccountName: lataxxYT
timestamps:
  login: 1610326936399
  logout: 1610327152353
ipAddress: 181.199.39.55
lastlocation:
  world: world
  x: 16.49790374890457
  y: 65.0
  z: 15.291605028857553
  yaw: -0.11795002
  pitch: 4.0496697
logoutlocation:
  world: KutoLand
  x: 128.83107911372144
  y: 71.0
  z: 405.81267609599814
  yaw: -266.5469
  pitch: 29.111134
