lastAccountName: sebastian39
timestamps:
  login: 1613696311415
  logout: 1613696322066
ipAddress: 186.86.33.57
lastlocation:
  world: world
  x: 16.49790374890457
  y: 65.0
  z: 15.291605028857553
  yaw: -0.11795002
  pitch: 4.0496697
logoutlocation:
  world: world
  x: 17.98516304296217
  y: 64.0
  z: 12.94067913955932
  yaw: 15.684692
  pitch: 21.60784
