lastAccountName: CarrlosDuty
timestamps:
  login: 1612819923363
  logout: 1612820862809
ipAddress: 179.49.44.113
lastlocation:
  world: world
  x: 16.49790374890457
  y: 65.0
  z: 15.291605028857553
  yaw: -0.11795002
  pitch: 4.0496697
logoutlocation:
  world: world
  x: 15.994264864554577
  y: 64.0
  z: 9.33847938379014
  yaw: -166.68446
  pitch: 23.663225
