lastAccountName: lurd_top
timestamps:
  login: 1610664467183
  logout: 1610664492220
ipAddress: 191.115.13.219
logoutlocation:
  world: world
  x: 16.49790374890457
  y: 64.0
  z: 15.023065766519172
  yaw: 159.05908
  pitch: 51.854458
