lastAccountName: migue
timestamps:
  login: 1610758348890
  lastteleport: 1610756407293
  logout: 1610758383768
ipAddress: 187.152.166.163
lastlocation:
  world: KutoLand
  x: 270.5
  y: 75.5
  z: 403.5
  yaw: -258.28766
  pitch: 10.637032
logoutlocation:
  world: world
  x: 16.010436303730444
  y: 64.0
  z: 15.4810221043605
  yaw: 82.38824
  pitch: 2.3052013
