lastAccountName: Tinchoto69
timestamps:
  login: 1613972896901
  logout: 1613979686377
  lastteleport: 1613978093428
ipAddress: 181.209.83.155
lastlocation:
  world: KutoLand
  x: 1057.756199964934
  y: 67.0
  z: -716.9642897445775
  yaw: 179.10278
  pitch: -29.08234
logoutlocation:
  world: KutoLand
  x: 1064.0152504525188
  y: 149.5
  z: -729.4145065834756
  yaw: 350.2348
  pitch: 3.7500598
