lastAccountName: eframontv
timestamps:
  login: 1612481325544
  logout: 1612481403592
ipAddress: 186.81.76.69
lastlocation:
  world: world
  x: 16.49790374890457
  y: 65.0
  z: 15.291605028857553
  yaw: -0.11795002
  pitch: 4.0496697
logoutlocation:
  world: world
  x: 19.276481588193928
  y: 64.0
  z: 11.524309505523064
  yaw: 159.44963
  pitch: 45.150005
