lastAccountName: wilmer58
timestamps:
  login: 1613750136161
  lastteleport: 1610250566600
  logout: 1613750173826
ipAddress: 190.237.231.196
lastlocation:
  world: KutoLand
  x: 431.3262087319505
  y: 77.0
  z: 198.554390011954
  yaw: -83.2171
  pitch: 21.646906
logoutlocation:
  world: KutoLand
  x: 428.3178867752723
  y: 68.0
  z: -464.47624745236584
  yaw: 159.33032
  pitch: -37.213257
