lastAccountName: QuboCkBot
timestamps:
  login: 1612985852940
  logout: 1612985853860
ipAddress: 149.81.73.188
lastlocation:
  world: world
  x: 16.49790374890457
  y: 65.0
  z: 15.291605028857553
  yaw: -0.11795002
  pitch: 4.0496697
logoutlocation:
  world: world
  x: 16.5
  y: 64.0
  z: 15.5
  yaw: 0.0
  pitch: 0.0
