lastAccountName: sopaajinomen
timestamps:
  login: 1613076417895
  logout: 1613076948052
  lastteleport: 1613076678126
ipAddress: 179.7.48.14
lastlocation:
  world: KutoLand
  x: -1226.1938771665327
  y: 62.073263759004114
  z: 2264.0838859570936
  yaw: -240.30011
  pitch: 18.450102
logoutlocation:
  world: KutoLand
  x: -1542.877718088831
  y: 66.0
  z: 2252.2627124703895
  yaw: 334.4546
  pitch: 21.299969
