lastAccountName: DiegoSa12345
timestamps:
  login: 1611182643515
  lastteleport: 1610674250439
  logout: 1611184498831
ipAddress: 147.75.117.10
lastlocation:
  world: world
  x: 16.5
  y: 64.0
  z: 15.5
  yaw: -111.90001
  pitch: 31.200006
logoutlocation:
  world: world
  x: 16.0
  y: 64.0
  z: 15.0
  yaw: 0.0
  pitch: 0.0
