lastAccountName: uriel2245
timestamps:
  login: 1613430594461
  lastteleport: 1613425625976
  logout: 1613430609678
ipAddress: 189.157.156.15
lastlocation:
  world: world
  x: 15.912043096999636
  y: 64.0
  z: 15.751927883192085
  yaw: 166.04999
  pitch: 17.099998
logoutlocation:
  world: world
  x: 15.800000011920933
  y: 63.5
  z: 15.300000011920929
  yaw: 173.54999
  pitch: 24.600004
