lastAccountName: ofcors
timestamps:
  login: 1611087219340
  lastteleport: 1611091996969
  logout: 1611092431756
ipAddress: 201.110.177.120
lastlocation:
  world: KutoLand
  x: -377.1672972188664
  y: 52.0
  z: 527.2425757765695
  yaw: -296.00684
  pitch: 8.722458
logoutlocation:
  world: KutoLand
  x: 636.9982859581983
  y: 63.0
  z: 396.1061661316834
  yaw: -89.57654
  pitch: 19.178852
