lastAccountName: jonicock
timestamps:
  login: 1612820392561
  lastteleport: 1612819974773
  logout: 1612820562305
ipAddress: 179.49.44.247
lastlocation:
  world: world
  x: 13.706533438062088
  y: 64.0
  z: 15.857684807290422
  yaw: -111.59973
  pitch: 4.6499934
logoutlocation:
  world: world
  x: -90.31405891239984
  y: 68.76636799395752
  z: -196.34499645912013
  yaw: -209.4018
  pitch: 53.55005
