lastAccountName: xRodogamer115x
timestamps:
  login: 1611113480998
  logout: 1611113530987
  lastteleport: 1610685127863
ipAddress: 190.43.126.40
lastlocation:
  world: KutoLand
  x: -469.48973700413245
  y: 76.0
  z: 374.1279968616831
  yaw: -118.68567
  pitch: 63.15835
logoutlocation:
  world: KutoLand
  x: -496.4192594564259
  y: 74.25220334025373
  z: 336.78059701359007
  yaw: 2.9160345
  pitch: 29.118809
