lastAccountName: robethromelo
timestamps:
  login: 1611082258517
  lastteleport: 1611001545710
  logout: 1611082314464
ipAddress: 190.43.231.183
lastlocation:
  world: world_nether
  x: -196.6005596565753
  y: 15.0
  z: -13.661889488635602
  yaw: 184.96469
  pitch: 27.000135
logoutlocation:
  world: KutoLand
  x: 384.17143249549974
  y: 15.0
  z: 535.3357617408427
  yaw: -164.95961
  pitch: 54.299862
