lastAccountName: xB3nJAsx
timestamps:
  login: 1610771469956
  logout: 1610771572489
ipAddress: 201.141.87.154
lastlocation:
  world: world
  x: 16.49790374890457
  y: 65.0
  z: 15.291605028857553
  yaw: -0.11795002
  pitch: 4.0496697
logoutlocation:
  world: KutoLand
  x: 436.2592676255842
  y: 45.0
  z: 144.07539009105272
  yaw: 161.84381
  pitch: 28.950113
