lastAccountName: Mundaca321
timestamps:
  login: 1610249582200
  lastteleport: 1610249672158
  logout: 1610249802812
ipAddress: 45.188.229.36
lastlocation:
  world: world
  x: 18.116457255978165
  y: 64.0
  z: 16.7304469002672
  yaw: -132.7248
  pitch: 17.279272
logoutlocation:
  world: world
  x: 16.0
  y: 64.0
  z: 15.0
  yaw: -3.255512
  pitch: 3.8398345
