lastAccountName: Atenea17bm
timestamps:
  login: 1612231238707
  logout: 1612233206305
  lastteleport: 1612231918309
ipAddress: 200.87.91.189
lastlocation:
  world: world
  x: 16.0
  y: 64.0
  z: 15.0
  yaw: 143.5498
  pitch: 0.60000217
logoutlocation:
  world: KutoLand
  x: -531.048226212211
  y: 68.0
  z: 2450.4265889002295
  yaw: 252.60017
  pitch: 21.299925
