lastAccountName: Frigolito99
timestamps:
  login: 1613362383053
  lastteleport: 1613356576894
  logout: 1613363176132
ipAddress: 189.173.85.219
lastlocation:
  world: world
  x: 16.425462598995107
  y: 63.5
  z: 14.800000011920929
  yaw: 62.74094
  pitch: 8.720751
logoutlocation:
  world: KutoLand
  x: 389.75775388484954
  y: 98.0
  z: 292.0515240032742
  yaw: -88.37437
  pitch: 51.725582
