lastAccountName: bpanci
timestamps:
  login: 1613995636334
  logout: 1613995793026
ipAddress: 200.114.104.9
lastlocation:
  world: world
  x: 16.49790374890457
  y: 65.0
  z: 15.291605028857553
  yaw: -0.11795002
  pitch: 4.0496697
logoutlocation:
  world: KutoLand
  x: 357.69999998807907
  y: 61.0
  z: -618.6999999880791
  yaw: 73.36889
  pitch: -45.201187
