lastAccountName: JASR10
timestamps:
  login: 1612551703028
  lastteleport: 1612552434609
  logout: 1612553130249
ipAddress: 181.199.51.108
lastlocation:
  world: world
  x: 16.0
  y: 64.0
  z: 15.0
  yaw: 189.75002
  pitch: 21.450008
logoutlocation:
  world: KutoLand
  x: 2734.4172624979183
  y: 65.0
  z: -1182.8235956780575
  yaw: 47.99997
  pitch: 11.100003
