lastAccountName: abraham1201
timestamps:
  login: 1613185822193
  logout: 1613186825019
ipAddress: 187.162.36.78
lastlocation:
  world: world
  x: 16.49790374890457
  y: 65.0
  z: 15.291605028857553
  yaw: -0.11795002
  pitch: 4.0496697
logoutlocation:
  world: KutoLand
  x: 318.65051985480534
  y: 74.0
  z: 405.9596858111821
  yaw: -170.3407
  pitch: 24.26232
