lastAccountName: mikecrak
timestamps:
  login: 1613858673174
  logout: 1613860745445
  lastteleport: 1613860577883
ipAddress: 186.81.76.69
lastlocation:
  world: world
  x: -229.6705171233815
  y: 77.0
  z: 41.280709026819494
  yaw: 23.256592
  pitch: 21.899399
logoutlocation:
  world: KutoLand
  x: 271.971133247587
  y: 75.0
  z: 406.71715142207836
  yaw: -223.90208
  pitch: 39.10062
