lastAccountName: HeidiFranco
timestamps:
  login: 1612222410015
  logout: 1612226007664
  lastteleport: 1612222501125
ipAddress: 73.163.149.251
lastlocation:
  world: world
  x: 16.5
  y: 62.0
  z: 15.5
  yaw: 162.89915
  pitch: -34.499714
logoutlocation:
  world: KutoLand
  x: -555.7638252752763
  y: 66.0
  z: 2433.699999988079
  yaw: 220.19781
  pitch: -25.649794
