world: world
x: 16.5
y: 64.0
z: 15.5
yaw: 1.2152756
pitch: -2.5128787
name: Spawn
lastowner: 3ea4bef0-d054-39ba-8236-1f429805fd55
