world: world
x: -19.499239115702622
y: 65.0
z: -44.69999998807907
yaw: 180.92252
pitch: 1.7406108
name: Tienda
lastowner: 3ea4bef0-d054-39ba-8236-1f429805fd55
